166.888 298.689 5
166.888 298.689 10
166.888 298.689 15
166.888 298.689 20
166.888 298.689 25
166.888 298.689 30
166.888 298.689 35
166.888 298.689 40
166.888 298.689 45
166.888 298.689 50
166.888 298.689 55
166.888 298.689 60
166.888 298.689 65
166.888 298.689 70
166.888 298.689 75
166.888 298.689 80
166.888 298.689 85
166.888 298.689 90
166.888 298.689 95
164.648 294.219 5
164.648 294.219 10
164.648 294.219 15
164.648 294.219 20
164.648 294.219 25
164.648 294.219 30
164.648 294.219 35
164.648 294.219 40
164.648 294.219 45
164.648 294.219 50
164.648 294.219 55
164.648 294.219 60
164.648 294.219 65
164.648 294.219 70
164.648 294.219 75
164.648 294.219 80
164.648 294.219 85
164.648 294.219 90
164.648 294.219 95
162.408 289.749 5
162.408 289.749 10
162.408 289.749 15
162.408 289.749 20
162.408 289.749 25
162.408 289.749 30
162.408 289.749 35
162.408 289.749 40
162.408 289.749 45
162.408 289.749 50
162.408 289.749 55
162.408 289.749 60
162.408 289.749 65
162.408 289.749 70
162.408 289.749 75
162.408 289.749 80
162.408 289.749 85
162.408 289.749 90
162.408 289.749 95
160.167 285.28 5
160.167 285.28 10
160.167 285.28 15
160.167 285.28 20
160.167 285.28 25
160.167 285.28 30
160.167 285.28 35
160.167 285.28 40
160.167 285.28 45
160.167 285.28 50
160.167 285.28 55
160.167 285.28 60
160.167 285.28 65
160.167 285.28 70
160.167 285.28 75
160.167 285.28 80
160.167 285.28 85
160.167 285.28 90
160.167 285.28 95
157.927 280.81 5
157.927 280.81 10
157.927 280.81 15
157.927 280.81 20
157.927 280.81 25
157.927 280.81 30
157.927 280.81 35
157.927 280.81 40
157.927 280.81 45
157.927 280.81 50
157.927 280.81 55
157.927 280.81 60
157.927 280.81 65
157.927 280.81 70
157.927 280.81 75
157.927 280.81 80
157.927 280.81 85
157.927 280.81 90
157.927 280.81 95
155.687 276.34 5
155.687 276.34 10
155.687 276.34 15
155.687 276.34 20
155.687 276.34 25
155.687 276.34 30
155.687 276.34 35
155.687 276.34 40
155.687 276.34 45
155.687 276.34 50
155.687 276.34 55
155.687 276.34 60
155.687 276.34 65
155.687 276.34 70
155.687 276.34 75
155.687 276.34 80
155.687 276.34 85
155.687 276.34 90
155.687 276.34 95
153.446 271.87 5
153.446 271.87 10
153.446 271.87 15
153.446 271.87 20
153.446 271.87 25
153.446 271.87 30
153.446 271.87 35
153.446 271.87 40
153.446 271.87 45
153.446 271.87 50
153.446 271.87 55
153.446 271.87 60
153.446 271.87 65
153.446 271.87 70
153.446 271.87 75
153.446 271.87 80
153.446 271.87 85
153.446 271.87 90
153.446 271.87 95
151.206 267.4 5
151.206 267.4 10
151.206 267.4 15
151.206 267.4 20
151.206 267.4 25
151.206 267.4 30
151.206 267.4 35
151.206 267.4 40
151.206 267.4 45
151.206 267.4 50
151.206 267.4 55
151.206 267.4 60
151.206 267.4 65
151.206 267.4 70
151.206 267.4 75
151.206 267.4 80
151.206 267.4 85
151.206 267.4 90
151.206 267.4 95
148.966 262.93 5
148.966 262.93 10
148.966 262.93 15
148.966 262.93 20
148.966 262.93 25
148.966 262.93 30
148.966 262.93 35
148.966 262.93 40
148.966 262.93 45
148.966 262.93 50
148.966 262.93 55
148.966 262.93 60
148.966 262.93 65
148.966 262.93 70
148.966 262.93 75
148.966 262.93 80
148.966 262.93 85
148.966 262.93 90
148.966 262.93 95
146.725 258.46 5
146.725 258.46 10
146.725 258.46 15
146.725 258.46 20
146.725 258.46 25
146.725 258.46 30
146.725 258.46 35
146.725 258.46 40
146.725 258.46 45
146.725 258.46 50
146.725 258.46 55
146.725 258.46 60
146.725 258.46 65
146.725 258.46 70
146.725 258.46 75
146.725 258.46 80
146.725 258.46 85
146.725 258.46 90
146.725 258.46 95
144.485 253.99 5
144.485 253.99 10
144.485 253.99 15
144.485 253.99 20
144.485 253.99 25
144.485 253.99 30
144.485 253.99 35
144.485 253.99 40
144.485 253.99 45
144.485 253.99 50
144.485 253.99 55
144.485 253.99 60
144.485 253.99 65
144.485 253.99 70
144.485 253.99 75
144.485 253.99 80
144.485 253.99 85
144.485 253.99 90
144.485 253.99 95
142.244 249.52 5
142.244 249.52 10
142.244 249.52 15
142.244 249.52 20
142.244 249.52 25
142.244 249.52 30
142.244 249.52 35
142.244 249.52 40
142.244 249.52 45
142.244 249.52 50
142.244 249.52 55
142.244 249.52 60
142.244 249.52 65
142.244 249.52 70
142.244 249.52 75
142.244 249.52 80
142.244 249.52 85
142.244 249.52 90
142.244 249.52 95
140.004 245.05 5
140.004 245.05 10
140.004 245.05 15
140.004 245.05 20
140.004 245.05 25
140.004 245.05 30
140.004 245.05 35
140.004 245.05 40
140.004 245.05 45
140.004 245.05 50
140.004 245.05 55
140.004 245.05 60
140.004 245.05 65
140.004 245.05 70
140.004 245.05 75
140.004 245.05 80
140.004 245.05 85
140.004 245.05 90
140.004 245.05 95
137.764 240.58 5
137.764 240.58 10
137.764 240.58 15
137.764 240.58 20
137.764 240.58 25
137.764 240.58 30
137.764 240.58 35
137.764 240.58 40
137.764 240.58 45
137.764 240.58 50
137.764 240.58 55
137.764 240.58 60
137.764 240.58 65
137.764 240.58 70
137.764 240.58 75
137.764 240.58 80
137.764 240.58 85
137.764 240.58 90
137.764 240.58 95
135.523 236.11 5
135.523 236.11 10
135.523 236.11 15
135.523 236.11 20
135.523 236.11 25
135.523 236.11 30
135.523 236.11 35
135.523 236.11 40
135.523 236.11 45
135.523 236.11 50
135.523 236.11 55
135.523 236.11 60
135.523 236.11 65
135.523 236.11 70
135.523 236.11 75
135.523 236.11 80
135.523 236.11 85
135.523 236.11 90
135.523 236.11 95
133.283 231.64 5
133.283 231.64 10
133.283 231.64 15
133.283 231.64 20
133.283 231.64 25
133.283 231.64 30
133.283 231.64 35
133.283 231.64 40
133.283 231.64 45
133.283 231.64 50
133.283 231.64 55
133.283 231.64 60
133.283 231.64 65
133.283 231.64 70
133.283 231.64 75
133.283 231.64 80
133.283 231.64 85
133.283 231.64 90
133.283 231.64 95
131.043 227.17 5
131.043 227.17 10
131.043 227.17 15
131.043 227.17 20
131.043 227.17 25
131.043 227.17 30
131.043 227.17 35
131.043 227.17 40
131.043 227.17 45
131.043 227.17 50
131.043 227.17 55
131.043 227.17 60
131.043 227.17 65
131.043 227.17 70
131.043 227.17 75
131.043 227.17 80
131.043 227.17 85
131.043 227.17 90
131.043 227.17 95
128.802 222.7 5
128.802 222.7 10
128.802 222.7 15
128.802 222.7 20
128.802 222.7 25
128.802 222.7 30
128.802 222.7 35
128.802 222.7 40
128.802 222.7 45
128.802 222.7 50
128.802 222.7 55
128.802 222.7 60
128.802 222.7 65
128.802 222.7 70
128.802 222.7 75
128.802 222.7 80
128.802 222.7 85
128.802 222.7 90
128.802 222.7 95
126.562 218.23 5
126.562 218.23 10
126.562 218.23 15
126.562 218.23 20
126.562 218.23 25
126.562 218.23 30
126.562 218.23 35
126.562 218.23 40
126.562 218.23 45
126.562 218.23 50
126.562 218.23 55
126.562 218.23 60
126.562 218.23 65
126.562 218.23 70
126.562 218.23 75
126.562 218.23 80
126.562 218.23 85
126.562 218.23 90
126.562 218.23 95
124.321 213.76 5
124.321 213.76 10
124.321 213.76 15
124.321 213.76 20
124.321 213.76 25
124.321 213.76 30
124.321 213.76 35
124.321 213.76 40
124.321 213.76 45
124.321 213.76 50
124.321 213.76 55
124.321 213.76 60
124.321 213.76 65
124.321 213.76 70
124.321 213.76 75
124.321 213.76 80
124.321 213.76 85
124.321 213.76 90
124.321 213.76 95
122.081 209.29 5
122.081 209.29 10
122.081 209.29 15
122.081 209.29 20
122.081 209.29 25
122.081 209.29 30
122.081 209.29 35
122.081 209.29 40
122.081 209.29 45
122.081 209.29 50
122.081 209.29 55
122.081 209.29 60
122.081 209.29 65
122.081 209.29 70
122.081 209.29 75
122.081 209.29 80
122.081 209.29 85
122.081 209.29 90
122.081 209.29 95
166.888 298.689 5
166.888 298.689 10
166.888 298.689 15
166.888 298.689 20
166.888 298.689 25
166.888 298.689 30
166.888 298.689 35
166.888 298.689 40
166.888 298.689 45
166.888 298.689 50
166.888 298.689 55
166.888 298.689 60
166.888 298.689 65
166.888 298.689 70
166.888 298.689 75
166.888 298.689 80
166.888 298.689 85
166.888 298.689 90
166.888 298.689 95
171.358 296.449 5
171.358 296.449 10
171.358 296.449 15
171.358 296.449 20
171.358 296.449 25
171.358 296.449 30
171.358 296.449 35
171.358 296.449 40
171.358 296.449 45
171.358 296.449 50
171.358 296.449 55
171.358 296.449 60
171.358 296.449 65
171.358 296.449 70
171.358 296.449 75
171.358 296.449 80
171.358 296.449 85
171.358 296.449 90
171.358 296.449 95
175.828 294.209 5
175.828 294.209 10
175.828 294.209 15
175.828 294.209 20
175.828 294.209 25
175.828 294.209 30
175.828 294.209 35
175.828 294.209 40
175.828 294.209 45
175.828 294.209 50
175.828 294.209 55
175.828 294.209 60
175.828 294.209 65
175.828 294.209 70
175.828 294.209 75
175.828 294.209 80
175.828 294.209 85
175.828 294.209 90
175.828 294.209 95
180.298 291.968 5
180.298 291.968 10
180.298 291.968 15
180.298 291.968 20
180.298 291.968 25
180.298 291.968 30
180.298 291.968 35
180.298 291.968 40
180.298 291.968 45
180.298 291.968 50
180.298 291.968 55
180.298 291.968 60
180.298 291.968 65
180.298 291.968 70
180.298 291.968 75
180.298 291.968 80
180.298 291.968 85
180.298 291.968 90
180.298 291.968 95
184.768 289.728 5
184.768 289.728 10
184.768 289.728 15
184.768 289.728 20
184.768 289.728 25
184.768 289.728 30
184.768 289.728 35
184.768 289.728 40
184.768 289.728 45
184.768 289.728 50
184.768 289.728 55
184.768 289.728 60
184.768 289.728 65
184.768 289.728 70
184.768 289.728 75
184.768 289.728 80
184.768 289.728 85
184.768 289.728 90
184.768 289.728 95
189.238 287.488 5
189.238 287.488 10
189.238 287.488 15
189.238 287.488 20
189.238 287.488 25
189.238 287.488 30
189.238 287.488 35
189.238 287.488 40
189.238 287.488 45
189.238 287.488 50
189.238 287.488 55
189.238 287.488 60
189.238 287.488 65
189.238 287.488 70
189.238 287.488 75
189.238 287.488 80
189.238 287.488 85
189.238 287.488 90
189.238 287.488 95
193.708 285.247 5
193.708 285.247 10
193.708 285.247 15
193.708 285.247 20
193.708 285.247 25
193.708 285.247 30
193.708 285.247 35
193.708 285.247 40
193.708 285.247 45
193.708 285.247 50
193.708 285.247 55
193.708 285.247 60
193.708 285.247 65
193.708 285.247 70
193.708 285.247 75
193.708 285.247 80
193.708 285.247 85
193.708 285.247 90
193.708 285.247 95
198.178 283.007 5
198.178 283.007 10
198.178 283.007 15
198.178 283.007 20
198.178 283.007 25
198.178 283.007 30
198.178 283.007 35
198.178 283.007 40
198.178 283.007 45
198.178 283.007 50
198.178 283.007 55
198.178 283.007 60
198.178 283.007 65
198.178 283.007 70
198.178 283.007 75
198.178 283.007 80
198.178 283.007 85
198.178 283.007 90
198.178 283.007 95
202.648 280.767 5
202.648 280.767 10
202.648 280.767 15
202.648 280.767 20
202.648 280.767 25
202.648 280.767 30
202.648 280.767 35
202.648 280.767 40
202.648 280.767 45
202.648 280.767 50
202.648 280.767 55
202.648 280.767 60
202.648 280.767 65
202.648 280.767 70
202.648 280.767 75
202.648 280.767 80
202.648 280.767 85
202.648 280.767 90
202.648 280.767 95
207.118 278.526 5
207.118 278.526 10
207.118 278.526 15
207.118 278.526 20
207.118 278.526 25
207.118 278.526 30
207.118 278.526 35
207.118 278.526 40
207.118 278.526 45
207.118 278.526 50
207.118 278.526 55
207.118 278.526 60
207.118 278.526 65
207.118 278.526 70
207.118 278.526 75
207.118 278.526 80
207.118 278.526 85
207.118 278.526 90
207.118 278.526 95
211.588 276.286 5
211.588 276.286 10
211.588 276.286 15
211.588 276.286 20
211.588 276.286 25
211.588 276.286 30
211.588 276.286 35
211.588 276.286 40
211.588 276.286 45
211.588 276.286 50
211.588 276.286 55
211.588 276.286 60
211.588 276.286 65
211.588 276.286 70
211.588 276.286 75
211.588 276.286 80
211.588 276.286 85
211.588 276.286 90
211.588 276.286 95
216.058 274.045 5
216.058 274.045 10
216.058 274.045 15
216.058 274.045 20
216.058 274.045 25
216.058 274.045 30
216.058 274.045 35
216.058 274.045 40
216.058 274.045 45
216.058 274.045 50
216.058 274.045 55
216.058 274.045 60
216.058 274.045 65
216.058 274.045 70
216.058 274.045 75
216.058 274.045 80
216.058 274.045 85
216.058 274.045 90
216.058 274.045 95
220.528 271.805 5
220.528 271.805 10
220.528 271.805 15
220.528 271.805 20
220.528 271.805 25
220.528 271.805 30
220.528 271.805 35
220.528 271.805 40
220.528 271.805 45
220.528 271.805 50
220.528 271.805 55
220.528 271.805 60
220.528 271.805 65
220.528 271.805 70
220.528 271.805 75
220.528 271.805 80
220.528 271.805 85
220.528 271.805 90
220.528 271.805 95
224.998 269.565 5
224.998 269.565 10
224.998 269.565 15
224.998 269.565 20
224.998 269.565 25
224.998 269.565 30
224.998 269.565 35
224.998 269.565 40
224.998 269.565 45
224.998 269.565 50
224.998 269.565 55
224.998 269.565 60
224.998 269.565 65
224.998 269.565 70
224.998 269.565 75
224.998 269.565 80
224.998 269.565 85
224.998 269.565 90
224.998 269.565 95
229.468 267.324 5
229.468 267.324 10
229.468 267.324 15
229.468 267.324 20
229.468 267.324 25
229.468 267.324 30
229.468 267.324 35
229.468 267.324 40
229.468 267.324 45
229.468 267.324 50
229.468 267.324 55
229.468 267.324 60
229.468 267.324 65
229.468 267.324 70
229.468 267.324 75
229.468 267.324 80
229.468 267.324 85
229.468 267.324 90
229.468 267.324 95
233.938 265.084 5
233.938 265.084 10
233.938 265.084 15
233.938 265.084 20
233.938 265.084 25
233.938 265.084 30
233.938 265.084 35
233.938 265.084 40
233.938 265.084 45
233.938 265.084 50
233.938 265.084 55
233.938 265.084 60
233.938 265.084 65
233.938 265.084 70
233.938 265.084 75
233.938 265.084 80
233.938 265.084 85
233.938 265.084 90
233.938 265.084 95
238.408 262.844 5
238.408 262.844 10
238.408 262.844 15
238.408 262.844 20
238.408 262.844 25
238.408 262.844 30
238.408 262.844 35
238.408 262.844 40
238.408 262.844 45
238.408 262.844 50
238.408 262.844 55
238.408 262.844 60
238.408 262.844 65
238.408 262.844 70
238.408 262.844 75
238.408 262.844 80
238.408 262.844 85
238.408 262.844 90
238.408 262.844 95
242.878 260.603 5
242.878 260.603 10
242.878 260.603 15
242.878 260.603 20
242.878 260.603 25
242.878 260.603 30
242.878 260.603 35
242.878 260.603 40
242.878 260.603 45
242.878 260.603 50
242.878 260.603 55
242.878 260.603 60
242.878 260.603 65
242.878 260.603 70
242.878 260.603 75
242.878 260.603 80
242.878 260.603 85
242.878 260.603 90
242.878 260.603 95
247.348 258.363 5
247.348 258.363 10
247.348 258.363 15
247.348 258.363 20
247.348 258.363 25
247.348 258.363 30
247.348 258.363 35
247.348 258.363 40
247.348 258.363 45
247.348 258.363 50
247.348 258.363 55
247.348 258.363 60
247.348 258.363 65
247.348 258.363 70
247.348 258.363 75
247.348 258.363 80
247.348 258.363 85
247.348 258.363 90
247.348 258.363 95
251.818 256.122 5
251.818 256.122 10
251.818 256.122 15
251.818 256.122 20
251.818 256.122 25
251.818 256.122 30
251.818 256.122 35
251.818 256.122 40
251.818 256.122 45
251.818 256.122 50
251.818 256.122 55
251.818 256.122 60
251.818 256.122 65
251.818 256.122 70
251.818 256.122 75
251.818 256.122 80
251.818 256.122 85
251.818 256.122 90
251.818 256.122 95
256.288 253.882 5
256.288 253.882 10
256.288 253.882 15
256.288 253.882 20
256.288 253.882 25
256.288 253.882 30
256.288 253.882 35
256.288 253.882 40
256.288 253.882 45
256.288 253.882 50
256.288 253.882 55
256.288 253.882 60
256.288 253.882 65
256.288 253.882 70
256.288 253.882 75
256.288 253.882 80
256.288 253.882 85
256.288 253.882 90
256.288 253.882 95
281.586 239.185 5
281.586 239.185 10
281.586 239.185 15
281.586 239.185 20
281.586 239.185 25
281.586 239.185 30
281.586 239.185 35
281.586 239.185 40
281.586 239.185 45
281.586 239.185 50
281.586 239.185 55
281.586 239.185 60
281.586 239.185 65
281.586 239.185 70
281.586 239.185 75
281.586 239.185 80
281.586 239.185 85
281.586 239.185 90
281.586 239.185 95
279.346 243.655 5
279.346 243.655 10
279.346 243.655 15
279.346 243.655 20
279.346 243.655 25
279.346 243.655 30
279.346 243.655 35
279.346 243.655 40
279.346 243.655 45
279.346 243.655 50
279.346 243.655 55
279.346 243.655 60
279.346 243.655 65
279.346 243.655 70
279.346 243.655 75
279.346 243.655 80
279.346 243.655 85
279.346 243.655 90
279.346 243.655 95
277.105 248.125 5
277.105 248.125 10
277.105 248.125 15
277.105 248.125 20
277.105 248.125 25
277.105 248.125 30
277.105 248.125 35
277.105 248.125 40
277.105 248.125 45
277.105 248.125 50
277.105 248.125 55
277.105 248.125 60
277.105 248.125 65
277.105 248.125 70
277.105 248.125 75
277.105 248.125 80
277.105 248.125 85
277.105 248.125 90
277.105 248.125 95
274.865 252.595 5
274.865 252.595 10
274.865 252.595 15
274.865 252.595 20
274.865 252.595 25
274.865 252.595 30
274.865 252.595 35
274.865 252.595 40
274.865 252.595 45
274.865 252.595 50
274.865 252.595 55
274.865 252.595 60
274.865 252.595 65
274.865 252.595 70
274.865 252.595 75
274.865 252.595 80
274.865 252.595 85
274.865 252.595 90
274.865 252.595 95
272.624 257.065 5
272.624 257.065 10
272.624 257.065 15
272.624 257.065 20
272.624 257.065 25
272.624 257.065 30
272.624 257.065 35
272.624 257.065 40
272.624 257.065 45
272.624 257.065 50
272.624 257.065 55
272.624 257.065 60
272.624 257.065 65
272.624 257.065 70
272.624 257.065 75
272.624 257.065 80
272.624 257.065 85
272.624 257.065 90
272.624 257.065 95
270.384 261.535 5
270.384 261.535 10
270.384 261.535 15
270.384 261.535 20
270.384 261.535 25
270.384 261.535 30
270.384 261.535 35
270.384 261.535 40
270.384 261.535 45
270.384 261.535 50
270.384 261.535 55
270.384 261.535 60
270.384 261.535 65
270.384 261.535 70
270.384 261.535 75
270.384 261.535 80
270.384 261.535 85
270.384 261.535 90
270.384 261.535 95
268.144 266.005 5
268.144 266.005 10
268.144 266.005 15
268.144 266.005 20
268.144 266.005 25
268.144 266.005 30
268.144 266.005 35
268.144 266.005 40
268.144 266.005 45
268.144 266.005 50
268.144 266.005 55
268.144 266.005 60
268.144 266.005 65
268.144 266.005 70
268.144 266.005 75
268.144 266.005 80
268.144 266.005 85
268.144 266.005 90
268.144 266.005 95
265.903 270.474 5
265.903 270.474 10
265.903 270.474 15
265.903 270.474 20
265.903 270.474 25
265.903 270.474 30
265.903 270.474 35
265.903 270.474 40
265.903 270.474 45
265.903 270.474 50
265.903 270.474 55
265.903 270.474 60
265.903 270.474 65
265.903 270.474 70
265.903 270.474 75
265.903 270.474 80
265.903 270.474 85
265.903 270.474 90
265.903 270.474 95
263.663 274.944 5
263.663 274.944 10
263.663 274.944 15
263.663 274.944 20
263.663 274.944 25
263.663 274.944 30
263.663 274.944 35
263.663 274.944 40
263.663 274.944 45
263.663 274.944 50
263.663 274.944 55
263.663 274.944 60
263.663 274.944 65
263.663 274.944 70
263.663 274.944 75
263.663 274.944 80
263.663 274.944 85
263.663 274.944 90
263.663 274.944 95
261.423 279.414 5
261.423 279.414 10
261.423 279.414 15
261.423 279.414 20
261.423 279.414 25
261.423 279.414 30
261.423 279.414 35
261.423 279.414 40
261.423 279.414 45
261.423 279.414 50
261.423 279.414 55
261.423 279.414 60
261.423 279.414 65
261.423 279.414 70
261.423 279.414 75
261.423 279.414 80
261.423 279.414 85
261.423 279.414 90
261.423 279.414 95
259.182 283.884 5
259.182 283.884 10
259.182 283.884 15
259.182 283.884 20
259.182 283.884 25
259.182 283.884 30
259.182 283.884 35
259.182 283.884 40
259.182 283.884 45
259.182 283.884 50
259.182 283.884 55
259.182 283.884 60
259.182 283.884 65
259.182 283.884 70
259.182 283.884 75
259.182 283.884 80
259.182 283.884 85
259.182 283.884 90
259.182 283.884 95
256.942 288.354 5
256.942 288.354 10
256.942 288.354 15
256.942 288.354 20
256.942 288.354 25
256.942 288.354 30
256.942 288.354 35
256.942 288.354 40
256.942 288.354 45
256.942 288.354 50
256.942 288.354 55
256.942 288.354 60
256.942 288.354 65
256.942 288.354 70
256.942 288.354 75
256.942 288.354 80
256.942 288.354 85
256.942 288.354 90
256.942 288.354 95
254.702 292.824 5
254.702 292.824 10
254.702 292.824 15
254.702 292.824 20
254.702 292.824 25
254.702 292.824 30
254.702 292.824 35
254.702 292.824 40
254.702 292.824 45
254.702 292.824 50
254.702 292.824 55
254.702 292.824 60
254.702 292.824 65
254.702 292.824 70
254.702 292.824 75
254.702 292.824 80
254.702 292.824 85
254.702 292.824 90
254.702 292.824 95
252.461 297.294 5
252.461 297.294 10
252.461 297.294 15
252.461 297.294 20
252.461 297.294 25
252.461 297.294 30
252.461 297.294 35
252.461 297.294 40
252.461 297.294 45
252.461 297.294 50
252.461 297.294 55
252.461 297.294 60
252.461 297.294 65
252.461 297.294 70
252.461 297.294 75
252.461 297.294 80
252.461 297.294 85
252.461 297.294 90
252.461 297.294 95
250.221 301.764 5
250.221 301.764 10
250.221 301.764 15
250.221 301.764 20
250.221 301.764 25
250.221 301.764 30
250.221 301.764 35
250.221 301.764 40
250.221 301.764 45
250.221 301.764 50
250.221 301.764 55
250.221 301.764 60
250.221 301.764 65
250.221 301.764 70
250.221 301.764 75
250.221 301.764 80
250.221 301.764 85
250.221 301.764 90
250.221 301.764 95
247.98 306.234 5
247.98 306.234 10
247.98 306.234 15
247.98 306.234 20
247.98 306.234 25
247.98 306.234 30
247.98 306.234 35
247.98 306.234 40
247.98 306.234 45
247.98 306.234 50
247.98 306.234 55
247.98 306.234 60
247.98 306.234 65
247.98 306.234 70
247.98 306.234 75
247.98 306.234 80
247.98 306.234 85
247.98 306.234 90
247.98 306.234 95
245.74 310.704 5
245.74 310.704 10
245.74 310.704 15
245.74 310.704 20
245.74 310.704 25
245.74 310.704 30
245.74 310.704 35
245.74 310.704 40
245.74 310.704 45
245.74 310.704 50
245.74 310.704 55
245.74 310.704 60
245.74 310.704 65
245.74 310.704 70
245.74 310.704 75
245.74 310.704 80
245.74 310.704 85
245.74 310.704 90
245.74 310.704 95
243.5 315.174 5
243.5 315.174 10
243.5 315.174 15
243.5 315.174 20
243.5 315.174 25
243.5 315.174 30
243.5 315.174 35
243.5 315.174 40
243.5 315.174 45
243.5 315.174 50
243.5 315.174 55
243.5 315.174 60
243.5 315.174 65
243.5 315.174 70
243.5 315.174 75
243.5 315.174 80
243.5 315.174 85
243.5 315.174 90
243.5 315.174 95
241.259 319.644 5
241.259 319.644 10
241.259 319.644 15
241.259 319.644 20
241.259 319.644 25
241.259 319.644 30
241.259 319.644 35
241.259 319.644 40
241.259 319.644 45
241.259 319.644 50
241.259 319.644 55
241.259 319.644 60
241.259 319.644 65
241.259 319.644 70
241.259 319.644 75
241.259 319.644 80
241.259 319.644 85
241.259 319.644 90
241.259 319.644 95
239.019 324.114 5
239.019 324.114 10
239.019 324.114 15
239.019 324.114 20
239.019 324.114 25
239.019 324.114 30
239.019 324.114 35
239.019 324.114 40
239.019 324.114 45
239.019 324.114 50
239.019 324.114 55
239.019 324.114 60
239.019 324.114 65
239.019 324.114 70
239.019 324.114 75
239.019 324.114 80
239.019 324.114 85
239.019 324.114 90
239.019 324.114 95
236.779 328.584 5
236.779 328.584 10
236.779 328.584 15
236.779 328.584 20
236.779 328.584 25
236.779 328.584 30
236.779 328.584 35
236.779 328.584 40
236.779 328.584 45
236.779 328.584 50
236.779 328.584 55
236.779 328.584 60
236.779 328.584 65
236.779 328.584 70
236.779 328.584 75
236.779 328.584 80
236.779 328.584 85
236.779 328.584 90
236.779 328.584 95
281.586 239.185 5
281.586 239.185 10
281.586 239.185 15
281.586 239.185 20
281.586 239.185 25
281.586 239.185 30
281.586 239.185 35
281.586 239.185 40
281.586 239.185 45
281.586 239.185 50
281.586 239.185 55
281.586 239.185 60
281.586 239.185 65
281.586 239.185 70
281.586 239.185 75
281.586 239.185 80
281.586 239.185 85
281.586 239.185 90
281.586 239.185 95
277.116 236.944 5
277.116 236.944 10
277.116 236.944 15
277.116 236.944 20
277.116 236.944 25
277.116 236.944 30
277.116 236.944 35
277.116 236.944 40
277.116 236.944 45
277.116 236.944 50
277.116 236.944 55
277.116 236.944 60
277.116 236.944 65
277.116 236.944 70
277.116 236.944 75
277.116 236.944 80
277.116 236.944 85
277.116 236.944 90
277.116 236.944 95
272.646 234.704 5
272.646 234.704 10
272.646 234.704 15
272.646 234.704 20
272.646 234.704 25
272.646 234.704 30
272.646 234.704 35
272.646 234.704 40
272.646 234.704 45
272.646 234.704 50
272.646 234.704 55
272.646 234.704 60
272.646 234.704 65
272.646 234.704 70
272.646 234.704 75
272.646 234.704 80
272.646 234.704 85
272.646 234.704 90
272.646 234.704 95
268.176 232.464 5
268.176 232.464 10
268.176 232.464 15
268.176 232.464 20
268.176 232.464 25
268.176 232.464 30
268.176 232.464 35
268.176 232.464 40
268.176 232.464 45
268.176 232.464 50
268.176 232.464 55
268.176 232.464 60
268.176 232.464 65
268.176 232.464 70
268.176 232.464 75
268.176 232.464 80
268.176 232.464 85
268.176 232.464 90
268.176 232.464 95
263.706 230.223 5
263.706 230.223 10
263.706 230.223 15
263.706 230.223 20
263.706 230.223 25
263.706 230.223 30
263.706 230.223 35
263.706 230.223 40
263.706 230.223 45
263.706 230.223 50
263.706 230.223 55
263.706 230.223 60
263.706 230.223 65
263.706 230.223 70
263.706 230.223 75
263.706 230.223 80
263.706 230.223 85
263.706 230.223 90
263.706 230.223 95
259.236 227.983 5
259.236 227.983 10
259.236 227.983 15
259.236 227.983 20
259.236 227.983 25
259.236 227.983 30
259.236 227.983 35
259.236 227.983 40
259.236 227.983 45
259.236 227.983 50
259.236 227.983 55
259.236 227.983 60
259.236 227.983 65
259.236 227.983 70
259.236 227.983 75
259.236 227.983 80
259.236 227.983 85
259.236 227.983 90
259.236 227.983 95
254.766 225.742 5
254.766 225.742 10
254.766 225.742 15
254.766 225.742 20
254.766 225.742 25
254.766 225.742 30
254.766 225.742 35
254.766 225.742 40
254.766 225.742 45
254.766 225.742 50
254.766 225.742 55
254.766 225.742 60
254.766 225.742 65
254.766 225.742 70
254.766 225.742 75
254.766 225.742 80
254.766 225.742 85
254.766 225.742 90
254.766 225.742 95
250.296 223.502 5
250.296 223.502 10
250.296 223.502 15
250.296 223.502 20
250.296 223.502 25
250.296 223.502 30
250.296 223.502 35
250.296 223.502 40
250.296 223.502 45
250.296 223.502 50
250.296 223.502 55
250.296 223.502 60
250.296 223.502 65
250.296 223.502 70
250.296 223.502 75
250.296 223.502 80
250.296 223.502 85
250.296 223.502 90
250.296 223.502 95
245.826 221.262 5
245.826 221.262 10
245.826 221.262 15
245.826 221.262 20
245.826 221.262 25
245.826 221.262 30
245.826 221.262 35
245.826 221.262 40
245.826 221.262 45
245.826 221.262 50
245.826 221.262 55
245.826 221.262 60
245.826 221.262 65
245.826 221.262 70
245.826 221.262 75
245.826 221.262 80
245.826 221.262 85
245.826 221.262 90
245.826 221.262 95
241.356 219.021 5
241.356 219.021 10
241.356 219.021 15
241.356 219.021 20
241.356 219.021 25
241.356 219.021 30
241.356 219.021 35
241.356 219.021 40
241.356 219.021 45
241.356 219.021 50
241.356 219.021 55
241.356 219.021 60
241.356 219.021 65
241.356 219.021 70
241.356 219.021 75
241.356 219.021 80
241.356 219.021 85
241.356 219.021 90
241.356 219.021 95
236.886 216.781 5
236.886 216.781 10
236.886 216.781 15
236.886 216.781 20
236.886 216.781 25
236.886 216.781 30
236.886 216.781 35
236.886 216.781 40
236.886 216.781 45
236.886 216.781 50
236.886 216.781 55
236.886 216.781 60
236.886 216.781 65
236.886 216.781 70
236.886 216.781 75
236.886 216.781 80
236.886 216.781 85
236.886 216.781 90
236.886 216.781 95
232.416 214.541 5
232.416 214.541 10
232.416 214.541 15
232.416 214.541 20
232.416 214.541 25
232.416 214.541 30
232.416 214.541 35
232.416 214.541 40
232.416 214.541 45
232.416 214.541 50
232.416 214.541 55
232.416 214.541 60
232.416 214.541 65
232.416 214.541 70
232.416 214.541 75
232.416 214.541 80
232.416 214.541 85
232.416 214.541 90
232.416 214.541 95
227.946 212.3 5
227.946 212.3 10
227.946 212.3 15
227.946 212.3 20
227.946 212.3 25
227.946 212.3 30
227.946 212.3 35
227.946 212.3 40
227.946 212.3 45
227.946 212.3 50
227.946 212.3 55
227.946 212.3 60
227.946 212.3 65
227.946 212.3 70
227.946 212.3 75
227.946 212.3 80
227.946 212.3 85
227.946 212.3 90
227.946 212.3 95
223.476 210.06 5
223.476 210.06 10
223.476 210.06 15
223.476 210.06 20
223.476 210.06 25
223.476 210.06 30
223.476 210.06 35
223.476 210.06 40
223.476 210.06 45
223.476 210.06 50
223.476 210.06 55
223.476 210.06 60
223.476 210.06 65
223.476 210.06 70
223.476 210.06 75
223.476 210.06 80
223.476 210.06 85
223.476 210.06 90
223.476 210.06 95
219.006 207.819 5
219.006 207.819 10
219.006 207.819 15
219.006 207.819 20
219.006 207.819 25
219.006 207.819 30
219.006 207.819 35
219.006 207.819 40
219.006 207.819 45
219.006 207.819 50
219.006 207.819 55
219.006 207.819 60
219.006 207.819 65
219.006 207.819 70
219.006 207.819 75
219.006 207.819 80
219.006 207.819 85
219.006 207.819 90
219.006 207.819 95
214.536 205.579 5
214.536 205.579 10
214.536 205.579 15
214.536 205.579 20
214.536 205.579 25
214.536 205.579 30
214.536 205.579 35
214.536 205.579 40
214.536 205.579 45
214.536 205.579 50
214.536 205.579 55
214.536 205.579 60
214.536 205.579 65
214.536 205.579 70
214.536 205.579 75
214.536 205.579 80
214.536 205.579 85
214.536 205.579 90
214.536 205.579 95
210.066 203.339 5
210.066 203.339 10
210.066 203.339 15
210.066 203.339 20
210.066 203.339 25
210.066 203.339 30
210.066 203.339 35
210.066 203.339 40
210.066 203.339 45
210.066 203.339 50
210.066 203.339 55
210.066 203.339 60
210.066 203.339 65
210.066 203.339 70
210.066 203.339 75
210.066 203.339 80
210.066 203.339 85
210.066 203.339 90
210.066 203.339 95
205.596 201.098 5
205.596 201.098 10
205.596 201.098 15
205.596 201.098 20
205.596 201.098 25
205.596 201.098 30
205.596 201.098 35
205.596 201.098 40
205.596 201.098 45
205.596 201.098 50
205.596 201.098 55
205.596 201.098 60
205.596 201.098 65
205.596 201.098 70
205.596 201.098 75
205.596 201.098 80
205.596 201.098 85
205.596 201.098 90
205.596 201.098 95
201.126 198.858 5
201.126 198.858 10
201.126 198.858 15
201.126 198.858 20
201.126 198.858 25
201.126 198.858 30
201.126 198.858 35
201.126 198.858 40
201.126 198.858 45
201.126 198.858 50
201.126 198.858 55
201.126 198.858 60
201.126 198.858 65
201.126 198.858 70
201.126 198.858 75
201.126 198.858 80
201.126 198.858 85
201.126 198.858 90
201.126 198.858 95
196.656 196.618 5
196.656 196.618 10
196.656 196.618 15
196.656 196.618 20
196.656 196.618 25
196.656 196.618 30
196.656 196.618 35
196.656 196.618 40
196.656 196.618 45
196.656 196.618 50
196.656 196.618 55
196.656 196.618 60
196.656 196.618 65
196.656 196.618 70
196.656 196.618 75
196.656 196.618 80
196.656 196.618 85
196.656 196.618 90
196.656 196.618 95
192.186 194.377 5
192.186 194.377 10
192.186 194.377 15
192.186 194.377 20
192.186 194.377 25
192.186 194.377 30
192.186 194.377 35
192.186 194.377 40
192.186 194.377 45
192.186 194.377 50
192.186 194.377 55
192.186 194.377 60
192.186 194.377 65
192.186 194.377 70
192.186 194.377 75
192.186 194.377 80
192.186 194.377 85
192.186 194.377 90
192.186 194.377 95
